1 1 0 0 1 0
1 2 0 0 2 0
1 3 0 0 1 0
1 4 0 0 2 0
1 5 0 0 1 0
1 6 0 0 2 0
1 7 0 0 1 0
1 8 1 2 2 0
1 9 1 2 1 2
1 10 0 0 2 0
1 11 0 0 1 0
1 12 3 4 2 0
1 13 3 4 1 0
1 14 0 0 2 0
1 15 5 6 1 2
1 16 0 0 2 2
1 17 7 8 1 2
1 18 0 0 2 2
1 19 9 10 1 2
1 20 11 12 2 2
1 21 11 12 1 0
1 22 13 14 2 2
1 23 13 14 2 2
1 24 0 0 1 2
1 25 15 16 2 2
1 26 15 16 2 2
1 27 17 18 1 0
1 28 17 18 1 2
1 29 19 20 2 2
1 30 19 20 1 2
1 31 19 20 2 2
1 32 0 0 1 2
1 33 0 0 1 2
1 34 24 23 2 2
1 35 24 23 1 2
1 36 27 26 2 2
1 37 27 26 1 2
1 38 27 26 2 2
1 39 28 29 2 2
1 40 28 29 1 2
1 41 32 31 2 2
1 42 32 31 1 2
1 43 33 34 1 2
1 44 33 34 1 2
